0 0
1 2
2 4
3 6
4 8
5 10
6 12
7 14
8 16
9 18
10 20
11 22
12 24
13 26
14 28
15 30
16 32
17 34
18 0
19 2
20 4
21 6
22 8
23 10
24 12
25 14
26 16
27 18
28 20
29 22
30 24
31 26
32 28
33 30
34 32
35 34
36 0
37 2
38 4
39 6
40 8
41 10
42 12
43 14
44 16
45 18
46 20
47 22
48 24
49 26
50 28
51 30
52 32
53 34
54 0
55 2
56 4
57 6
58 8
59 10
60 12
61 14
62 16
63 18
64 20
65 22
66 24
67 26
68 28
69 30
70 32
71 34
72 0
73 2
74 4
75 6
76 8
77 10
78 12
79 14
80 16
81 18
82 20
83 22
84 24
85 26
86 28
87 30
88 32
89 34
90 0
91 2
92 4
93 6
94 8
95 10
96 12
97 14
98 16
99 18
0 20
1 22
2 24
3 26
4 28
5 30
6 32
7 34
8 0
9 2
10 4
11 6
12 8
13 10
14 12
15 14
16 16
17 18
18 20
19 22
20 24
21 26
22 28
23 30
24 32
25 34
26 0
27 2
28 4
29 6
30 8
31 10
32 12
33 14
34 16
35 18
36 20
37 22
38 24
39 26
40 28
41 30
42 32
43 34
44 0
45 2
46 4
47 6
48 8
49 10
50 12
51 14
52 16
53 18
54 20
55 22
56 24
57 26
58 28
59 30
60 32
61 34
62 0
63 2
64 4
65 6
66 8
67 10
68 12
69 14
70 16
71 18
72 20
73 22
74 24
75 26
76 28
77 30
78 32
79 34
80 0
81 2
82 4
83 6
84 8
85 10
86 12
87 14
88 16
89 18
90 20
91 22
92 24
93 26
94 28
95 30
96 32
97 34
98 0
99 2
0 4
1 6
2 8
3 10
4 12
5 14
6 16
7 18
8 20
9 22
10 24
11 26
12 28
13 30
14 32
15 34
16 0
17 2
18 4
19 6
20 8
21 10
22 12
23 14
24 16
25 18
26 20
27 22
28 24
29 26
30 28
31 30
32 32
33 34
34 0
35 2
36 4
37 6
38 8
39 10
40 12
41 14
42 16
43 18
44 20
45 22
46 24
47 26
48 28
49 30
50 32
51 34
52 0
53 2
54 4
55 6
56 8
57 10
58 12
59 14
60 16
61 18
62 20
63 22
64 24
65 26
66 28
67 30
68 32
69 34
70 0
71 2
72 4
73 6
74 8
75 10
76 12
77 14
78 16
79 18
80 20
81 22
82 24
83 26
84 28
85 30
86 32
87 34
88 0
89 2
90 4
91 6
92 8
93 10
94 12
95 14
96 16
97 18
98 20
99 22
0 24
1 26
2 28
3 30
4 32
5 34
6 0
7 2
8 4
9 6
10 8
11 10
12 12
13 14
14 16
15 18
16 20
17 22
18 24
19 26
20 28
21 30
22 32
23 34
24 0
25 2
26 4
27 6
28 8
29 10
30 12
31 14
32 16
33 18
34 20
35 22
36 24
37 26
38 28
39 30
40 32
41 34
42 0
43 2
44 4
45 6
46 8
47 10
48 12
49 14
50 16
51 18
52 20
53 22
54 24
55 26
56 28
57 30
58 32
59 34
60 0
61 2
62 4
63 6
64 8
65 10
66 12
67 14
68 16
69 18
70 20
71 22
72 24
73 26
74 28
75 30
76 32
77 34
78 0
79 2
80 4
81 6
82 8
83 10
84 12
85 14
86 16
87 18
88 20
89 22
90 24
91 26
92 28
93 30
94 32
95 34
96 0
97 2
98 4
99 6
0 8
1 10
2 12
3 14
4 16
5 18
6 20
7 22
8 24
9 26
10 28
11 30
12 32
13 34
14 0
15 2
16 4
17 6
18 8
19 10
20 12
21 14
22 16
23 18
24 20
25 22
26 24
27 26
28 28
29 30
30 32
31 34
32 0
33 2
34 4
35 6
36 8
37 10
38 12
39 14
40 16
41 18
42 20
43 22
44 24
45 26
46 28
47 30
48 32
49 34
50 0
51 2
52 4
53 6
54 8
55 10
56 12
57 14
58 16
59 18
60 20
61 22
62 24
63 26
64 28
65 30
66 32
67 34
68 0
69 2
70 4
71 6
72 8
73 10
74 12
75 14
76 16
77 18
78 20
79 22
80 24
81 26
82 28
83 30
84 32
85 34
86 0
87 2
88 4
89 6
90 8
91 10
92 12
93 14
94 16
95 18
96 20
97 22
98 24
99 26
0 28
1 30
2 32
3 34
4 0
5 2
6 4
7 6
8 8
9 10
10 12
11 14
12 16
13 18
14 20
15 22
16 24
17 26
18 28
19 30
20 32
21 34
22 0
23 2
24 4
25 6
26 8
27 10
28 12
29 14
30 16
31 18
32 20
33 22
34 24
35 26
36 28
37 30
38 32
39 34
40 0
41 2
42 4
43 6
44 8
45 10
46 12
47 14
48 16
49 18
50 20
51 22
52 24
53 26
54 28
55 30
56 32
57 34
58 0
59 2
60 4
61 6
62 8
63 10
64 12
65 14
66 16
67 18
68 20
69 22
70 24
71 26
72 28
73 30
74 32
75 34
76 0
77 2
78 4
79 6
80 8
81 10
82 12
83 14
84 16
85 18
86 20
87 22
88 24
89 26
90 28
91 30
92 32
93 34
94 0
95 2
96 4
97 6
98 8
99 10
0 12
1 14
2 16
3 18
4 20
5 22
6 24
7 26
8 28
9 30
10 32
11 34
12 0
13 2
14 4
15 6
16 8
17 10
18 12
19 14
20 16
21 18
22 20
23 22
24 24
25 26
26 28
27 30
28 32
29 34
30 0
31 2
32 4
33 6
34 8
35 10
36 12
37 14
38 16
39 18
40 20
41 22
42 24
43 26
44 28
45 30
46 32
47 34
48 0
49 2
50 4
51 6
52 8
53 10
54 12
55 14
56 16
57 18
58 20
59 22
60 24
61 26
62 28
63 30
64 32
65 34
66 0
67 2
68 4
69 6
70 8
71 10
72 12
73 14
74 16
75 18
76 20
77 22
78 24
79 26
80 28
81 30
82 32
83 34
84 0
85 2
86 4
87 6
88 8
89 10
90 12
91 14
92 16
93 18
94 20
95 22
96 24
97 26
98 28
99 30
0 32
1 34
2 0
3 2
4 4
5 6
6 8
7 10
8 12
9 14
10 16
11 18
12 20
13 22
14 24
15 26
16 28
17 30
18 32
19 34
20 0
21 2
22 4
23 6
24 8
25 10
26 12
27 14
28 16
29 18
30 20
31 22
32 24
33 26
34 28
35 30
36 32
37 34
38 0
39 2
40 4
41 6
42 8
43 10
44 12
45 14
46 16
47 18
48 20
49 22
50 24
51 26
52 28
53 30
54 32
55 34
56 0
57 2
58 4
59 6
60 8
61 10
62 12
63 14
64 16
65 18
66 20
67 22
68 24
69 26
70 28
71 30
72 32
73 34
74 0
75 2
76 4
77 6
78 8
79 10
80 12
81 14
82 16
83 18
84 20
85 22
86 24
87 26
88 28
89 30
90 32
91 34
92 0
93 2
94 4
95 6
96 8
97 10
98 12
99 14
0 16
1 18
2 20
3 22
4 24
5 26
6 28
7 30
8 32
9 34
10 0
11 2
12 4
13 6
14 8
15 10
16 12
17 14
18 16
19 18
20 20
21 22
22 24
23 26
24 28
25 30
26 32
27 34
28 0
29 2
30 4
31 6
32 8
33 10
34 12
35 14
36 16
37 18
38 20
39 22
40 24
41 26
42 28
43 30
44 32
45 34
46 0
47 2
48 4
49 6
50 8
51 10
52 12
53 14
54 16
55 18
56 20
57 22
58 24
59 26
60 28
61 30
62 32
63 34
64 0
65 2
66 4
67 6
68 8
69 10
70 12
71 14
72 16
73 18
74 20
75 22
76 24
77 26
78 28
79 30
80 32
81 34
82 0
83 2
84 4
85 6
86 8
87 10
88 12
89 14
90 16
91 18
92 20
93 22
94 24
95 26
96 28
97 30
98 32
99 34
0 0
